{
 "cells": [
  {
   "cell_type": "code",
   "execution_count": 2,
   "id": "40f01e30-a49f-461b-b630-5720ff77ce80",
   "metadata": {},
   "outputs": [],
   "source": [
    "import pandas as pd\n",
    "import matplotlib.pyplot as plt\n",
    "import numpy as np\n",
    "import scipy"
   ]
  },
  {
   "cell_type": "code",
   "execution_count": 3,
   "id": "23c4b705-e8d9-460b-b9d5-347143b8f6e9",
   "metadata": {},
   "outputs": [],
   "source": [
    "prices = pd.read_csv(\"Final Data/Acutal Testing Data.csv\")\n",
    "analyst_1 = pd.read_csv(\"Final Data/Predicted Testing Data Analyst 1.csv\")\n",
    "analyst_2 = pd.read_csv(\"Final Data/Predicted Testing Data Analyst 2.csv\")\n",
    "analyst_3 = pd.read_csv(\"Final Data/Predicted Testing Data Analyst 3.csv\")\n",
    "shares = pd.read_csv(\"Final Data/Shares Outstanding.csv\")\n",
    "prices = prices[prices.columns[1:]]\n",
    "analyst_1 = analyst_1[analyst_1.columns[1:]]\n",
    "analyst_2 = analyst_2[analyst_2.columns[1:]]\n",
    "analyst_3 = analyst_3[analyst_3.columns[1:]]\n",
    "shares = shares[shares.columns[1:]]"
   ]
  },
  {
   "cell_type": "code",
   "execution_count": null,
   "id": "20b67007",
   "metadata": {},
   "outputs": [],
   "source": [
    "# omega function\n",
    "#   input: analyst_predictions, actual_prices, FUTURE ADDITION: weights for each month (default is all equal weighting over time, later maybe use sigmoid)\n",
    "#   output: diagonal matrix with analyst variance for each stock \n",
    "calculate_omega(analyst_1, prices)\n",
    "calculate_omega(analyst_1, prices)\n",
    "calculate_omega(analyst_1, prices)\n",
    "\n",
    "# Using their variance to come up with weights:\n",
    "# w1 = (1/v1)/(1/v1+1/v2+1/v3)"
   ]
  },
  {
   "cell_type": "code",
   "execution_count": null,
   "id": "4432de07",
   "metadata": {},
   "outputs": [],
   "source": [
    "test = [[1,2,3,4,5,6,7,8,9,10],[1,2,3,4,5,6,7,8,9,10]]\n",
    "pd.DataFrame"
   ]
  },
  {
   "cell_type": "code",
   "execution_count": 20,
   "id": "378d8d69",
   "metadata": {},
   "outputs": [
    {
     "name": "stdout",
     "output_type": "stream",
     "text": [
      "[-0.0045632791647903966, 0.007488354900743016, 0.05313667758565034, -0.04743998517140151, -0.01682088808619858, 0.058298930719413056, 0.08963028910439166, 0.04904349368053668, 0.027462743788235912, -0.03545185195906234, 0.030190514694183407, 0.1502680556636352, 0.055604888845674404, -0.01340117839019688, 0.11902699698190834, 0.016173523417935667, 0.056981028165658594, 0.14232516212794075, -0.025619326522839537, 0.06213938802416584, 0.06036454153120358, -0.00434934610919542, 0.15096879060699392, 0.1021768050184586, 0.12123197845510933, -0.010934399075749163, 0.053305789917807316, -0.01714305422904985, -0.02093974710338871, -0.10824475773434575, 0.08025043652927391, -0.07097559548356738, -0.001814922862580099, -0.03877706700254754, -0.08367496725337689, 0.027010807329544445, 0.10217241716809827, 0.0967408091074222, -0.04558341083182123, 0.07249153073545872, 0.007407007656706494, -0.013297905717211478, 0.05752383688117597, -0.02655647535339224, -0.11333515023236714, -0.0907393722962409, 0.024897231069375244, 0.0831978583184609, -0.023359467138418404, 0.04951598519878675, 0.0285165291707543, -0.13872913420037636, 0.009273507412427945, 0.06441574708001976, -0.02499587557943824, 0.04785955702492521, 0.04519097084742412, -0.12914274658729963, -0.026451743165511802, 0.07172951232747415, 0.03843081345225201, 0.08470147723989227, 0.09076838831809303, 0.0978338471056923, -0.0828928835986834, 0.08826886113777661, 0.06956459547949598, 0.07714914763200072, 0.0924912810395519, 0.058555168165595216, 0.03641377613392704, 0.09415040125715805, 0.0003452002040226972, -0.08667499577573391, 0.07571025364539107, 0.038725902092642754, -0.07270543603928471, 0.031860052136960026, 0.01998788140852601, -0.01725807713053938, -0.018306104789384055, 0.056155926921937764, 0.0895179242318104, 0.05652762085570336, -0.11264777315032395, -0.08432380685829882, 0.043602588262729836, -0.041649657582879154, 0.026026063031692068, 0.0033218085994604174, 0.12972501873512043, 0.04258139117202508, -0.04221424263419088, 0.08040992149212402, 0.04287483293751433, -0.03166725949434826, -0.0017911591955169753, -0.010120453900665743, -0.04479898130154794, 0.029082903919355692, 0.012705551007990541, -0.005301157013851449, 0.019176870202272364, 0.005484827104445037, 0.090704976917713, 0.024502554039850306, 0.044797524733189195, 0.05009709828136733, -0.013989001805122313, -0.0010380689523874125, -0.01702845803494295, -0.034914049007587954, 0.08196279340209682, -0.10998981373174845, 0.031349485533988274, -0.022973206780681214, -0.15267894133663668, -0.007756304362074217, -0.11732340077539037, 0.11116435896001253, 0.05540410357961509, 0.051886576205270256, -0.0001611046689818987, 0.02715528360222632, -0.0020883877924948017]\n"
     ]
    }
   ],
   "source": [
    "rets = []\n",
    "for i in range(0,len(prices[\"A\"])-20,20):\n",
    "    rets.append(np.log(prices[\"A\"].loc[i+20]/prices[\"A\"].loc[i]))\n",
    "print(rets)"
   ]
  },
  {
   "cell_type": "code",
   "execution_count": 18,
   "id": "a7c8a9ab",
   "metadata": {},
   "outputs": [
    {
     "name": "stdout",
     "output_type": "stream",
     "text": [
      "0     -0.004563\n",
      "1     -0.010039\n",
      "2      0.077839\n",
      "3     -0.079898\n",
      "4      0.010327\n",
      "         ...   \n",
      "115   -0.026703\n",
      "116    0.019790\n",
      "117    0.087424\n",
      "118   -0.055091\n",
      "119   -0.001804\n",
      "Name: A, Length: 120, dtype: float64\n"
     ]
    }
   ],
   "source": [
    "print(actual_ret[\"A\"])"
   ]
  },
  {
   "cell_type": "code",
   "execution_count": 305,
   "id": "a4240f0f-82cc-4df8-b790-9f4fd1040d34",
   "metadata": {},
   "outputs": [
    {
     "data": {
      "text/html": [
       "<div>\n",
       "<style scoped>\n",
       "    .dataframe tbody tr th:only-of-type {\n",
       "        vertical-align: middle;\n",
       "    }\n",
       "\n",
       "    .dataframe tbody tr th {\n",
       "        vertical-align: top;\n",
       "    }\n",
       "\n",
       "    .dataframe thead th {\n",
       "        text-align: right;\n",
       "    }\n",
       "</style>\n",
       "<table border=\"1\" class=\"dataframe\">\n",
       "  <thead>\n",
       "    <tr style=\"text-align: right;\">\n",
       "      <th></th>\n",
       "      <th>A</th>\n",
       "      <th>B</th>\n",
       "      <th>C</th>\n",
       "      <th>D</th>\n",
       "      <th>E</th>\n",
       "      <th>F</th>\n",
       "      <th>G</th>\n",
       "      <th>H</th>\n",
       "      <th>I</th>\n",
       "    </tr>\n",
       "  </thead>\n",
       "  <tbody>\n",
       "    <tr>\n",
       "      <th>0</th>\n",
       "      <td>425000000</td>\n",
       "      <td>246970000</td>\n",
       "      <td>576250000</td>\n",
       "      <td>4230000000</td>\n",
       "      <td>1930000000</td>\n",
       "      <td>3370000000</td>\n",
       "      <td>16320000000</td>\n",
       "      <td>7510000000</td>\n",
       "      <td>508840000</td>\n",
       "    </tr>\n",
       "  </tbody>\n",
       "</table>\n",
       "</div>"
      ],
      "text/plain": [
       "           A          B          C           D           E           F  \\\n",
       "0  425000000  246970000  576250000  4230000000  1930000000  3370000000   \n",
       "\n",
       "             G           H          I  \n",
       "0  16320000000  7510000000  508840000  "
      ]
     },
     "execution_count": 305,
     "metadata": {},
     "output_type": "execute_result"
    }
   ],
   "source": [
    "sh_out"
   ]
  },
  {
   "cell_type": "code",
   "execution_count": null,
   "id": "446172b1",
   "metadata": {},
   "outputs": [],
   "source": []
  },
  {
   "cell_type": "code",
   "execution_count": 19,
   "id": "941e572c-1b9f-40df-9071-594f0fe8ecc6",
   "metadata": {},
   "outputs": [],
   "source": [
    "def generate_ret(df):\n",
    "    return np.log(df/df.shift(1))\n",
    "\n",
    "def generate_ret_s(prev, curr):\n",
    "    return np.log(curr/prev)\n",
    "\n",
    "def generate_monthly_ret(df):\n",
    "    mat = generate_ret(df)\n",
    "    return mat.groupby(mat.index // 21).sum()\n",
    "\n",
    "def calculate_sigma(df, daily = False):\n",
    "    if(daily):\n",
    "        return generate_ret(df).cov()\n",
    "    return generate_monthly_ret(df).cov()\n",
    "\n",
    "def calculate_pi(sh_out, sigma, l):\n",
    "    _w = sh_out/np.sum(sh_out, axis = 1)[0]\n",
    "    return l * np.matmul(sigma, _w.T)\n",
    "\n",
    "# omega function\n",
    "#   input: analyst_predictions, actual_prices, FUTURE ADDITION: weights for each month (default is all equal weighting over time, later maybe use sigmoid)\n",
    "#   output: diagonal matrix with analyst variance for each stock \n",
    "\n",
    "def calculate_omega(analyst_preds, actual_prices):\n",
    "    # get monthly returns, drop first month\n",
    "    anal_ret = generate_ret(analyst_preds.drop_duplicates()).drop(0)\n",
    "    actual_ret = generate_monthly_ret(actual_prices).drop(0)\n",
    "\n",
    "    # Make difference df between each analyst's predicted returns and actual returns\n",
    "    dif_rets = pd.DataFrame(anal_ret.values-actual_ret.values,columns=actual_ret.columns)\n",
    "\n",
    "    # square each difference\n",
    "    dif_rets_sq = dif_rets.pow(2)\n",
    "\n",
    "    # FUTURE ADDITION: (weighted) average of the difference for each stock (each col)\n",
    "    # start with just average\n",
    "    avg_var = dif_rets_sq.mean(axis=0)\n",
    "\n",
    "    # make diagonal matrix using the variance for each stock\n",
    "    omega = pd.DataFrame(0,index=avg_var.index,columns=avg_var.index, dtype=avg_var.dtype)\n",
    "    np.fill_diagonal(omega.values, avg_var)\n",
    "    return omega\n",
    "\n",
    "def gen_anal_weights(omega1, omega2, omega3):\n",
    "    omega1 = 1/np.diag(omega1)\n",
    "    omega2 = 1/np.diag(omega2)\n",
    "    omega3 = 1/np.diag(omega3)\n",
    "    \n",
    "    total = omega1 + omega2 + omega3\n",
    "    df = pd.DataFrame()\n",
    "    df[\"Analyst_1\"] = omega1\n",
    "    df[\"Analyst_2\"] = omega2\n",
    "    df[\"Analyst_3\"] = omega3\n",
    "    df.index = [\"A\", \"B\", \"C\", \"E\",\"D\", \"F\", \"G\", \"H\", \"I\"]\n",
    "    df = df/total[:, None]\n",
    "    return df\n",
    "\n",
    "def avg_omega_plus_weights(anal1, anal2, anal3, prices):\n",
    "    omega1 = calculate_omega(anal1, prices)\n",
    "    omega2 = calculate_omega(anal2, prices)\n",
    "    omega3 = calculate_omega(anal3, prices)\n",
    "    \n",
    "    weights = gen_anal_weights(omega1, omega2, omega3)\n",
    "    \n",
    "    new_df = pd.DataFrame()\n",
    "    new_df[\"Anal1\"] = np.diag(omega1)\n",
    "    new_df[\"Anal2\"] = np.diag(omega2)\n",
    "    new_df[\"Anal3\"] = np.diag(omega3)\n",
    "    \n",
    "    matrix = np.diag(np.matmul(weights, new_df.T))\n",
    "    matrix = pd.Series(matrix, index = [\"A\", \"B\", \"C\", \"E\",\"D\", \"F\", \"G\", \"H\", \"I\"])\n",
    "\n",
    "    omega = pd.DataFrame(0,index=matrix.index,columns=matrix.index, dtype=matrix)\n",
    "    np.fill_diagonal(omega.values, matrix)\n",
    "    omega = omega/21\n",
    "    \n",
    "    return omega, weights\n",
    "\n",
    "def calculate_Q(input1, input2, input3, weights):\n",
    "    new_df = pd.DataFrame()\n",
    "    new_df[\"Anal1\"] = input1\n",
    "    new_df[\"Anal2\"] = input2\n",
    "    new_df[\"Anal3\"] = input3\n",
    "    matrix = np.diag(np.matmul(weights, new_df.T))\n",
    "    matrix = pd.Series(matrix, index = [\"A\", \"B\", \"C\", \"E\",\"D\", \"F\", \"G\", \"H\", \"I\"])\n",
    "    \n",
    "    return matrix\n"
   ]
  },
  {
   "cell_type": "code",
   "execution_count": 851,
   "id": "ea0cf0e2-3fce-41d0-ba9f-a4fb9be9dfed",
   "metadata": {},
   "outputs": [],
   "source": [
    "def black_litter(df, anal1, anal2, anal3, input1, input2, input3, actual, sh_out):\n",
    "    #pi is implied expected returns\n",
    "    #sigma is variance of returns\n",
    "    #Q is column vector of expected returns\n",
    "    #omega is analyst covariance matrix of returns\n",
    "    \n",
    "    sigma = calculate_sigma(df).values\n",
    "    pi = calculate_pi(sh_out,sigma, 2)\n",
    "    \n",
    "    omega, w = avg_omega_plus_weights(anal1, anal2, anal3, df)\n",
    "    \n",
    "    p = np.array(actual)\n",
    "    in1 = np.array(input1)\n",
    "    in2 = np.array(input2)\n",
    "    in3 = np.array(input3)\n",
    "    \n",
    "    in1_w = generate_ret_s(in1, p)\n",
    "    in2_w = generate_ret_s(in2, p)\n",
    "    in3_w = generate_ret_s(in3, p)\n",
    "    \n",
    "    Q = calculate_Q(in1_w, in2_w, in3_w, w)\n",
    "    p1 = np.linalg.inv(np.linalg.inv(omega) + np.linalg.inv(sigma))\n",
    "    p2 = np.matmul(np.linalg.inv(sigma), pi) + np.matmul(np.linalg.inv(omega), Q[:, np.newaxis])\n",
    "    out = np.matmul(p1, p2)\n",
    "    \n",
    "    return out "
   ]
  },
  {
   "cell_type": "code",
   "execution_count": 776,
   "id": "ebd39d8c-6462-4009-808d-07a136a55be2",
   "metadata": {},
   "outputs": [],
   "source": [
    "def generate_sharpe_ratio(weights, returns, variance):\n",
    "    std = np.matmul(np.matmul(weights.T, variance), weights) ** 0.5\n",
    "    expected = np.dot(weights, returns)\n",
    "    return expected/std"
   ]
  },
  {
   "cell_type": "code",
   "execution_count": 777,
   "id": "309e20f0-76d3-478a-83b4-c7273b285c00",
   "metadata": {},
   "outputs": [],
   "source": [
    "input1 = [1000,2800,700,40,50,67,4000,16000,143370]\n",
    "input2 = [1000,2800,700,40,50,65,4000,16000,143370]\n",
    "input3 = [1000,2800,700,40,50,60,4000,16000,143370]\n",
    "actual = [1288, 2902, 714, 52, 78, 103, 4200, 17400, 143370]"
   ]
  },
  {
   "cell_type": "code",
   "execution_count": 852,
   "id": "247a9d0e-d903-43f8-80f6-ada4c8e3ecb3",
   "metadata": {},
   "outputs": [
    {
     "name": "stderr",
     "output_type": "stream",
     "text": [
      "<ipython-input-850-7d50d5e18eb2>:70: FutureWarning: Calling a ufunc on non-aligned DataFrames (or DataFrame/Series combination). Currently, the indices are ignored and the result takes the index/columns of the first DataFrame. In the future , the DataFrames/Series will be aligned before applying the ufunc.\n",
      "Convert one of the arguments to a NumPy array (eg 'ufunc(df1, np.asarray(df2)') to keep the current behaviour, or align manually (eg 'df1, df2 = df1.align(df2)') before passing to the ufunc to obtain the future behaviour and silence this warning.\n",
      "  matrix = np.diag(np.matmul(weights, new_df.T))\n",
      "<ipython-input-850-7d50d5e18eb2>:84: FutureWarning: Calling a ufunc on non-aligned DataFrames (or DataFrame/Series combination). Currently, the indices are ignored and the result takes the index/columns of the first DataFrame. In the future , the DataFrames/Series will be aligned before applying the ufunc.\n",
      "Convert one of the arguments to a NumPy array (eg 'ufunc(df1, np.asarray(df2)') to keep the current behaviour, or align manually (eg 'df1, df2 = df1.align(df2)') before passing to the ufunc to obtain the future behaviour and silence this warning.\n",
      "  matrix = np.diag(np.matmul(weights, new_df.T))\n",
      "<ipython-input-851-084d9c514a17>:23: FutureWarning: Support for multi-dimensional indexing (e.g. `obj[:, None]`) is deprecated and will be removed in a future version.  Convert to a numpy array before indexing instead.\n",
      "  p2 = np.matmul(np.linalg.inv(sigma), pi) + np.matmul(np.linalg.inv(omega), Q[:, np.newaxis])\n"
     ]
    },
    {
     "data": {
      "text/html": [
       "<div>\n",
       "<style scoped>\n",
       "    .dataframe tbody tr th:only-of-type {\n",
       "        vertical-align: middle;\n",
       "    }\n",
       "\n",
       "    .dataframe tbody tr th {\n",
       "        vertical-align: top;\n",
       "    }\n",
       "\n",
       "    .dataframe thead th {\n",
       "        text-align: right;\n",
       "    }\n",
       "</style>\n",
       "<table border=\"1\" class=\"dataframe\">\n",
       "  <thead>\n",
       "    <tr style=\"text-align: right;\">\n",
       "      <th></th>\n",
       "      <th>0</th>\n",
       "    </tr>\n",
       "  </thead>\n",
       "  <tbody>\n",
       "    <tr>\n",
       "      <th>0</th>\n",
       "      <td>0.015261</td>\n",
       "    </tr>\n",
       "    <tr>\n",
       "      <th>1</th>\n",
       "      <td>0.020345</td>\n",
       "    </tr>\n",
       "    <tr>\n",
       "      <th>2</th>\n",
       "      <td>0.016649</td>\n",
       "    </tr>\n",
       "    <tr>\n",
       "      <th>3</th>\n",
       "      <td>0.044254</td>\n",
       "    </tr>\n",
       "    <tr>\n",
       "      <th>4</th>\n",
       "      <td>0.054661</td>\n",
       "    </tr>\n",
       "    <tr>\n",
       "      <th>5</th>\n",
       "      <td>0.054040</td>\n",
       "    </tr>\n",
       "    <tr>\n",
       "      <th>6</th>\n",
       "      <td>0.021272</td>\n",
       "    </tr>\n",
       "    <tr>\n",
       "      <th>7</th>\n",
       "      <td>0.019775</td>\n",
       "    </tr>\n",
       "    <tr>\n",
       "      <th>8</th>\n",
       "      <td>0.014863</td>\n",
       "    </tr>\n",
       "  </tbody>\n",
       "</table>\n",
       "</div>"
      ],
      "text/plain": [
       "          0\n",
       "0  0.015261\n",
       "1  0.020345\n",
       "2  0.016649\n",
       "3  0.044254\n",
       "4  0.054661\n",
       "5  0.054040\n",
       "6  0.021272\n",
       "7  0.019775\n",
       "8  0.014863"
      ]
     },
     "execution_count": 852,
     "metadata": {},
     "output_type": "execute_result"
    }
   ],
   "source": [
    "black_litter(prices, analyst_1, analyst_2, analyst_3, input1, input2, input3, actual, shares)"
   ]
  },
  {
   "cell_type": "code",
   "execution_count": 846,
   "id": "4cf21e08-2ade-42f0-aadf-299f6efdecd7",
   "metadata": {},
   "outputs": [
    {
     "data": {
      "text/html": [
       "<div>\n",
       "<style scoped>\n",
       "    .dataframe tbody tr th:only-of-type {\n",
       "        vertical-align: middle;\n",
       "    }\n",
       "\n",
       "    .dataframe tbody tr th {\n",
       "        vertical-align: top;\n",
       "    }\n",
       "\n",
       "    .dataframe thead th {\n",
       "        text-align: right;\n",
       "    }\n",
       "</style>\n",
       "<table border=\"1\" class=\"dataframe\">\n",
       "  <thead>\n",
       "    <tr style=\"text-align: right;\">\n",
       "      <th></th>\n",
       "      <th>A</th>\n",
       "      <th>B</th>\n",
       "      <th>C</th>\n",
       "      <th>D</th>\n",
       "      <th>E</th>\n",
       "      <th>F</th>\n",
       "      <th>G</th>\n",
       "      <th>H</th>\n",
       "      <th>I</th>\n",
       "    </tr>\n",
       "  </thead>\n",
       "  <tbody>\n",
       "    <tr>\n",
       "      <th>A</th>\n",
       "      <td>0.000230</td>\n",
       "      <td>0.000130</td>\n",
       "      <td>0.000114</td>\n",
       "      <td>0.000096</td>\n",
       "      <td>0.000113</td>\n",
       "      <td>0.000100</td>\n",
       "      <td>0.000131</td>\n",
       "      <td>0.000115</td>\n",
       "      <td>0.000103</td>\n",
       "    </tr>\n",
       "    <tr>\n",
       "      <th>B</th>\n",
       "      <td>0.000130</td>\n",
       "      <td>0.000586</td>\n",
       "      <td>0.000169</td>\n",
       "      <td>0.000156</td>\n",
       "      <td>0.000167</td>\n",
       "      <td>0.000177</td>\n",
       "      <td>0.000216</td>\n",
       "      <td>0.000211</td>\n",
       "      <td>0.000178</td>\n",
       "    </tr>\n",
       "    <tr>\n",
       "      <th>C</th>\n",
       "      <td>0.000114</td>\n",
       "      <td>0.000169</td>\n",
       "      <td>0.000331</td>\n",
       "      <td>0.000135</td>\n",
       "      <td>0.000149</td>\n",
       "      <td>0.000144</td>\n",
       "      <td>0.000158</td>\n",
       "      <td>0.000140</td>\n",
       "      <td>0.000118</td>\n",
       "    </tr>\n",
       "    <tr>\n",
       "      <th>D</th>\n",
       "      <td>0.000096</td>\n",
       "      <td>0.000156</td>\n",
       "      <td>0.000135</td>\n",
       "      <td>0.000657</td>\n",
       "      <td>0.000426</td>\n",
       "      <td>0.000410</td>\n",
       "      <td>0.000147</td>\n",
       "      <td>0.000120</td>\n",
       "      <td>0.000111</td>\n",
       "    </tr>\n",
       "    <tr>\n",
       "      <th>E</th>\n",
       "      <td>0.000113</td>\n",
       "      <td>0.000167</td>\n",
       "      <td>0.000149</td>\n",
       "      <td>0.000426</td>\n",
       "      <td>0.000818</td>\n",
       "      <td>0.000451</td>\n",
       "      <td>0.000166</td>\n",
       "      <td>0.000141</td>\n",
       "      <td>0.000132</td>\n",
       "    </tr>\n",
       "    <tr>\n",
       "      <th>F</th>\n",
       "      <td>0.000100</td>\n",
       "      <td>0.000177</td>\n",
       "      <td>0.000144</td>\n",
       "      <td>0.000410</td>\n",
       "      <td>0.000451</td>\n",
       "      <td>0.000770</td>\n",
       "      <td>0.000171</td>\n",
       "      <td>0.000146</td>\n",
       "      <td>0.000129</td>\n",
       "    </tr>\n",
       "    <tr>\n",
       "      <th>G</th>\n",
       "      <td>0.000131</td>\n",
       "      <td>0.000216</td>\n",
       "      <td>0.000158</td>\n",
       "      <td>0.000147</td>\n",
       "      <td>0.000166</td>\n",
       "      <td>0.000171</td>\n",
       "      <td>0.000651</td>\n",
       "      <td>0.000267</td>\n",
       "      <td>0.000224</td>\n",
       "    </tr>\n",
       "    <tr>\n",
       "      <th>H</th>\n",
       "      <td>0.000115</td>\n",
       "      <td>0.000211</td>\n",
       "      <td>0.000140</td>\n",
       "      <td>0.000120</td>\n",
       "      <td>0.000141</td>\n",
       "      <td>0.000146</td>\n",
       "      <td>0.000267</td>\n",
       "      <td>0.000604</td>\n",
       "      <td>0.000208</td>\n",
       "    </tr>\n",
       "    <tr>\n",
       "      <th>I</th>\n",
       "      <td>0.000103</td>\n",
       "      <td>0.000178</td>\n",
       "      <td>0.000118</td>\n",
       "      <td>0.000111</td>\n",
       "      <td>0.000132</td>\n",
       "      <td>0.000129</td>\n",
       "      <td>0.000224</td>\n",
       "      <td>0.000208</td>\n",
       "      <td>0.000571</td>\n",
       "    </tr>\n",
       "  </tbody>\n",
       "</table>\n",
       "</div>"
      ],
      "text/plain": [
       "          A         B         C         D         E         F         G  \\\n",
       "A  0.000230  0.000130  0.000114  0.000096  0.000113  0.000100  0.000131   \n",
       "B  0.000130  0.000586  0.000169  0.000156  0.000167  0.000177  0.000216   \n",
       "C  0.000114  0.000169  0.000331  0.000135  0.000149  0.000144  0.000158   \n",
       "D  0.000096  0.000156  0.000135  0.000657  0.000426  0.000410  0.000147   \n",
       "E  0.000113  0.000167  0.000149  0.000426  0.000818  0.000451  0.000166   \n",
       "F  0.000100  0.000177  0.000144  0.000410  0.000451  0.000770  0.000171   \n",
       "G  0.000131  0.000216  0.000158  0.000147  0.000166  0.000171  0.000651   \n",
       "H  0.000115  0.000211  0.000140  0.000120  0.000141  0.000146  0.000267   \n",
       "I  0.000103  0.000178  0.000118  0.000111  0.000132  0.000129  0.000224   \n",
       "\n",
       "          H         I  \n",
       "A  0.000115  0.000103  \n",
       "B  0.000211  0.000178  \n",
       "C  0.000140  0.000118  \n",
       "D  0.000120  0.000111  \n",
       "E  0.000141  0.000132  \n",
       "F  0.000146  0.000129  \n",
       "G  0.000267  0.000224  \n",
       "H  0.000604  0.000208  \n",
       "I  0.000208  0.000571  "
      ]
     },
     "execution_count": 846,
     "metadata": {},
     "output_type": "execute_result"
    }
   ],
   "source": [
    "y = shares/np.sum(shares, axis = 1)[0]\n",
    "sigma = calculate_sigma(prices)\n",
    "sigma"
   ]
  },
  {
   "cell_type": "code",
   "execution_count": 800,
   "id": "547d7feb-de86-4871-81ca-d66e0f9d2549",
   "metadata": {},
   "outputs": [
    {
     "name": "stderr",
     "output_type": "stream",
     "text": [
      "<ipython-input-761-e1cc28cd96b3>:18: FutureWarning: Calling a ufunc on non-aligned DataFrames (or DataFrame/Series combination). Currently, the indices are ignored and the result takes the index/columns of the first DataFrame. In the future , the DataFrames/Series will be aligned before applying the ufunc.\n",
      "Convert one of the arguments to a NumPy array (eg 'ufunc(df1, np.asarray(df2)') to keep the current behaviour, or align manually (eg 'df1, df2 = df1.align(df2)') before passing to the ufunc to obtain the future behaviour and silence this warning.\n",
      "  return l * np.matmul(sigma, _w.T)\n"
     ]
    },
    {
     "data": {
      "text/plain": [
       "(9, 1)"
      ]
     },
     "execution_count": 800,
     "metadata": {},
     "output_type": "execute_result"
    }
   ],
   "source": [
    "calculate_pi(shares, generate_ret(prices).cov(), 2).shape"
   ]
  },
  {
   "cell_type": "code",
   "execution_count": 579,
   "id": "3dc2996c-45a3-46bd-b14e-6a087af2ba8b",
   "metadata": {},
   "outputs": [],
   "source": [
    "x = np.repeat(2, 9)\n",
    "y = np.repeat(3,9)"
   ]
  },
  {
   "cell_type": "code",
   "execution_count": 581,
   "id": "8871092c-a125-4d90-b9e1-2ad7b93faa9c",
   "metadata": {},
   "outputs": [
    {
     "data": {
      "text/plain": [
       "array([0.40546511, 0.40546511, 0.40546511, 0.40546511, 0.40546511,\n",
       "       0.40546511, 0.40546511, 0.40546511, 0.40546511])"
      ]
     },
     "execution_count": 581,
     "metadata": {},
     "output_type": "execute_result"
    }
   ],
   "source": [
    "np.log(y/x)"
   ]
  },
  {
   "cell_type": "code",
   "execution_count": 582,
   "id": "4e3ff8d6-9ffe-47f3-8d0c-10be4fd68379",
   "metadata": {},
   "outputs": [
    {
     "data": {
      "text/plain": [
       "array([1.5, 1.5, 1.5, 1.5, 1.5, 1.5, 1.5, 1.5, 1.5])"
      ]
     },
     "execution_count": 582,
     "metadata": {},
     "output_type": "execute_result"
    }
   ],
   "source": [
    "y/x"
   ]
  },
  {
   "cell_type": "code",
   "execution_count": 654,
   "id": "2d43c728-f770-4123-b1cd-9c1580b7d3c0",
   "metadata": {},
   "outputs": [],
   "source": [
    "expected_ret = -1\n",
    "\n",
    "def allocate_portfolio(asset_prices, asset_1,\n",
    "                       asset_2,asset_3):\n",
    "    \n",
    "    expected_ret = gen_post_ret(asset_prices, asset_1, asset_2,asset_3)\n",
    "    expected_std = get_var()\n",
    "    \n",
    "    initial_weights = np.repeat(1/9, 9)\n",
    "    fuck = NonlinearConstraint(constraint, 1, 1)\n",
    "    res = minimize(generate_sharpe_ratio, \n",
    "                            initial_weights, \n",
    "                            args = (expected_ret, expected_std),\n",
    "                            constraints = fuck)\n",
    "    return generate_sharpe_ratio(res.x, expected_ret, expected_std) * -1\n",
    "\n",
    "def constraint(x):\n",
    "    return np.sum(np.abs(x))\n",
    "\n",
    "def get_var():\n",
    "    return np.array([[ 2.24730573e-04,  1.55757069e-04,  1.36545835e-04,\n",
    "         3.95700269e-05, -2.13048857e-05,  2.14583355e-05,\n",
    "         8.69657006e-05,  1.04410712e-04,  1.58686390e-04],\n",
    "       [ 1.55757069e-04,  5.65200401e-04,  1.60877257e-04,\n",
    "         1.21930820e-04,  5.09823426e-05,  8.61392539e-05,\n",
    "         4.61095331e-05,  1.49273386e-04,  1.02865035e-04],\n",
    "       [ 1.36545835e-04,  1.60877257e-04,  2.98637434e-04,\n",
    "         3.21443986e-05,  6.87755909e-05,  1.08014865e-04,\n",
    "         5.99462012e-05,  1.02907811e-04,  7.88410942e-05],\n",
    "       [ 3.95700269e-05,  1.21930820e-04,  3.21443986e-05,\n",
    "         1.33581674e-03,  1.10855036e-03,  1.09108720e-03,\n",
    "         2.11449217e-04,  4.03216910e-05,  1.06146703e-04],\n",
    "       [-2.13048857e-05,  5.09823426e-05,  6.87755909e-05,\n",
    "         1.10855036e-03,  1.58485239e-03,  1.22531415e-03,\n",
    "         2.32356705e-04, -7.87109034e-06,  3.30860162e-05],\n",
    "       [ 2.14583355e-05,  8.61392539e-05,  1.08014865e-04,\n",
    "         1.09108720e-03,  1.22531415e-03,  1.44641407e-03,\n",
    "         2.07543710e-04,  6.08073932e-05,  8.40600070e-05],\n",
    "       [ 8.69657006e-05,  4.61095331e-05,  5.99462012e-05,\n",
    "         2.11449217e-04,  2.32356705e-04,  2.07543710e-04,\n",
    "         5.46761088e-04,  1.06773505e-04,  2.28712171e-04],\n",
    "       [ 1.04410712e-04,  1.49273386e-04,  1.02907811e-04,\n",
    "         4.03216910e-05, -7.87109034e-06,  6.08073932e-05,\n",
    "         1.06773505e-04,  5.63396002e-04,  7.71393975e-05],\n",
    "       [ 1.58686390e-04,  1.02865035e-04,  7.88410942e-05,\n",
    "         1.06146703e-04,  3.30860162e-05,  8.40600070e-05,\n",
    "         2.28712171e-04,  7.71393975e-05,  6.22308401e-04]])\n",
    "\n",
    "def gen_post_ret(asset_prices, asset_1, asset_2, asset_3):\n",
    "    pi = np.array([[0.00026425],\n",
    "       [0.000443  ],\n",
    "       [0.00033241],\n",
    "       [0.00053206],\n",
    "       [0.00055752],\n",
    "       [0.00058368],\n",
    "       [0.00090608],\n",
    "       [0.00065461],\n",
    "       [0.00042724]])\n",
    "    \n",
    "    sigma = np.array([[ 2.24730573e-04,  1.55757069e-04,  1.36545835e-04,\n",
    "         3.95700269e-05, -2.13048857e-05,  2.14583355e-05,\n",
    "         8.69657006e-05,  1.04410712e-04,  1.58686390e-04],\n",
    "       [ 1.55757069e-04,  5.65200401e-04,  1.60877257e-04,\n",
    "         1.21930820e-04,  5.09823426e-05,  8.61392539e-05,\n",
    "         4.61095331e-05,  1.49273386e-04,  1.02865035e-04],\n",
    "       [ 1.36545835e-04,  1.60877257e-04,  2.98637434e-04,\n",
    "         3.21443986e-05,  6.87755909e-05,  1.08014865e-04,\n",
    "         5.99462012e-05,  1.02907811e-04,  7.88410942e-05],\n",
    "       [ 3.95700269e-05,  1.21930820e-04,  3.21443986e-05,\n",
    "         1.33581674e-03,  1.10855036e-03,  1.09108720e-03,\n",
    "         2.11449217e-04,  4.03216910e-05,  1.06146703e-04],\n",
    "       [-2.13048857e-05,  5.09823426e-05,  6.87755909e-05,\n",
    "         1.10855036e-03,  1.58485239e-03,  1.22531415e-03,\n",
    "         2.32356705e-04, -7.87109034e-06,  3.30860162e-05],\n",
    "       [ 2.14583355e-05,  8.61392539e-05,  1.08014865e-04,\n",
    "         1.09108720e-03,  1.22531415e-03,  1.44641407e-03,\n",
    "         2.07543710e-04,  6.08073932e-05,  8.40600070e-05],\n",
    "       [ 8.69657006e-05,  4.61095331e-05,  5.99462012e-05,\n",
    "         2.11449217e-04,  2.32356705e-04,  2.07543710e-04,\n",
    "         5.46761088e-04,  1.06773505e-04,  2.28712171e-04],\n",
    "       [ 1.04410712e-04,  1.49273386e-04,  1.02907811e-04,\n",
    "         4.03216910e-05, -7.87109034e-06,  6.08073932e-05,\n",
    "         1.06773505e-04,  5.63396002e-04,  7.71393975e-05],\n",
    "       [ 1.58686390e-04,  1.02865035e-04,  7.88410942e-05,\n",
    "         1.06146703e-04,  3.30860162e-05,  8.40600070e-05,\n",
    "         2.28712171e-04,  7.71393975e-05,  6.22308401e-04]])\n",
    "    \n",
    "    omega = np.array([[0.23851422, 0.        , 0.        , 0.        , 0.        ,\n",
    "        0.        , 0.        , 0.        , 0.        ],\n",
    "       [0.        , 0.22038488, 0.        , 0.        , 0.        ,\n",
    "        0.        , 0.        , 0.        , 0.        ],\n",
    "       [0.        , 0.        , 0.24888514, 0.        , 0.        ,\n",
    "        0.        , 0.        , 0.        , 0.        ],\n",
    "       [0.        , 0.        , 0.        , 0.25310207, 0.        ,\n",
    "        0.        , 0.        , 0.        , 0.        ],\n",
    "       [0.        , 0.        , 0.        , 0.        , 0.25546276,\n",
    "        0.        , 0.        , 0.        , 0.        ],\n",
    "       [0.        , 0.        , 0.        , 0.        , 0.        ,\n",
    "        0.24241239, 0.        , 0.        , 0.        ],\n",
    "       [0.        , 0.        , 0.        , 0.        , 0.        ,\n",
    "        0.        , 0.21698333, 0.        , 0.        ],\n",
    "       [0.        , 0.        , 0.        , 0.        , 0.        ,\n",
    "        0.        , 0.        , 0.20151322, 0.        ],\n",
    "       [0.        , 0.        , 0.        , 0.        , 0.        ,\n",
    "        0.        , 0.        , 0.        , 0.20087965]])\n",
    "    \n",
    "    anal_weights = np.array([[0.34344507, 0.29214749, 0.36440744],\n",
    "       [0.35964242, 0.27298719, 0.36737039],\n",
    "       [0.31671739, 0.2829078 , 0.40037481],\n",
    "       [0.31614354, 0.38172823, 0.30212823],\n",
    "       [0.35966443, 0.30889607, 0.3314395 ],\n",
    "       [0.30586157, 0.40783809, 0.28630034],\n",
    "       [0.36381083, 0.36590934, 0.27027982],\n",
    "       [0.4036448 , 0.3181189 , 0.2782363 ],\n",
    "       [0.28918083, 0.26280048, 0.4480187 ]])\n",
    "    \n",
    "    anal_1 = gen_ret(asset_prices, asset_1)\n",
    "    anal_2 = gen_ret(asset_prices, asset_2)\n",
    "    anal_3 = gen_ret(asset_prices, asset_3)\n",
    "    \n",
    "    Q = calculate_Q(anal_1, anal_2, anal_3, anal_weights)\n",
    "    \n",
    "    p1 = np.linalg.inv(np.linalg.inv(omega) + np.linalg.inv(sigma))\n",
    "    p2 = np.matmul(np.linalg.inv(sigma), pi) + np.matmul(np.linalg.inv(omega), Q[:, np.newaxis])\n",
    "    \n",
    "    out = np.matmul(p1, p2)\n",
    "    return out\n",
    "\n",
    "def gen_ret(prev, curr):\n",
    "    return np.log(curr/prev)\n",
    "    \n",
    "def calculate_Q(input1, input2, input3, weights):\n",
    "    new_df = pd.DataFrame()\n",
    "    new_df[\"Anal1\"] = input1\n",
    "    new_df[\"Anal2\"] = input2\n",
    "    new_df[\"Anal3\"] = input3\n",
    "    matrix = np.diag(np.matmul(weights, new_df.T))\n",
    "    matrix = pd.Series(matrix, index = [\"A\", \"B\", \"C\", \"E\",\"D\", \"F\", \"G\", \"H\", \"I\"])\n",
    "    \n",
    "    return matrix\n",
    "\n",
    "def generate_sharpe_ratio(weights, returns, variance):\n",
    "    std = np.matmul(np.matmul(weights.T, variance), weights) ** 0.5\n",
    "    expected = np.dot(weights, returns)\n",
    "    return   -1 * expected/std"
   ]
  },
  {
   "cell_type": "code",
   "execution_count": null,
   "id": "1e7e786f-600f-4b90-bae5-1423d1c4b63a",
   "metadata": {},
   "outputs": [],
   "source": []
  }
 ],
 "metadata": {
  "kernelspec": {
   "display_name": "Python 3",
   "language": "python",
   "name": "python3"
  },
  "language_info": {
   "codemirror_mode": {
    "name": "ipython",
    "version": 3
   },
   "file_extension": ".py",
   "mimetype": "text/x-python",
   "name": "python",
   "nbconvert_exporter": "python",
   "pygments_lexer": "ipython3",
<<<<<<< HEAD
   "version": "3.8.5"
=======
   "version": "3.8.8"
>>>>>>> 9e1be3e7a270a522b26c82d9dd64d3d05d17a2bb
  }
 },
 "nbformat": 4,
 "nbformat_minor": 5
}
